5
Before:
0 495 1 750 2500
1 845 0 1050 2500
1 930 0 1080 3000
1 870 2 1070 3000
2 510 1 815 3000
After:
0 495 1 750 2500
2 510 1 815 3000
1 845 0 1050 2500
1 870 2 1070 3000
1 930 0 1080 3000
From Hakodate
i	time	|0	1	2	
----------------+------------------------
-1		|0	999999	999999	
0	750	|0	2500	999999	
1	815	|0	2500	999999	
2	1050	|0	2500	999999	
3	1070	|0	2500	5500	
4	1080	|0	2500	5500	

From Tokyo
i	time	|0	1	2	
----------------+------------------------
-1		|999999	999999	0	
0	750	|999999	999999	0	
1	815	|999999	3000	0	
2	1050	|5500	3000	0	
3	1070	|5500	3000	0	
4	1080	|5500	3000	0	

4
Before:
0 495 1 750 2500
1 844 0 1050 2500
1 870 2 1070 3000
2 510 1 815 3000
After:
0 495 1 750 2500
2 510 1 815 3000
1 844 0 1050 2500
1 870 2 1070 3000
From Hakodate
i	time	|0	1	2	
----------------+------------------------
-1		|0	999999	999999	
0	750	|0	2500	999999	
1	815	|0	2500	999999	
2	1050	|0	2500	999999	
3	1070	|0	2500	5500	

From Tokyo
i	time	|0	1	2	
----------------+------------------------
-1		|999999	999999	0	
0	750	|999999	999999	0	
1	815	|999999	3000	0	
2	1050	|5500	3000	0	
3	1070	|5500	3000	0	

18
Before:
0 595 3 653 3840
0 854 3 969 1920
0 1116 3 1173 3840
0 480 1 533 3550
0 1360 1 1414 3550
3 863 2 893 2010
3 1236 2 1266 2010
3 500 0 558 3840
3 836 0 894 3840
3 1297 0 1355 3840
1 591 2 631 2660
1 889 2 929 2660
1 1182 2 1222 2660
1 911 0 964 3550
1 1383 0 1436 3550
2 584 1 664 1330
2 1314 1 1354 2660
2 694 3 724 2010
After:
0 480 1 533 3550
3 500 0 558 3840
1 591 2 631 2660
0 595 3 653 3840
2 584 1 664 1330
2 694 3 724 2010
3 863 2 893 2010
3 836 0 894 3840
1 889 2 929 2660
1 911 0 964 3550
0 854 3 969 1920
0 1116 3 1173 3840
1 1182 2 1222 2660
3 1236 2 1266 2010
2 1314 1 1354 2660
3 1297 0 1355 3840
0 1360 1 1414 3550
1 1383 0 1436 3550
From Hakodate
i	time	|0	1	2	3	
----------------+--------------------------------
-1		|0	999999	999999	999999	
0	533	|0	3550	999999	999999	
1	558	|0	3550	999999	999999	
2	631	|0	3550	6210	999999	
3	653	|0	3550	6210	3840	
4	664	|0	3550	6210	3840	
5	724	|0	3550	6210	3840	
6	893	|0	3550	5850	3840	
7	894	|0	3550	5850	3840	
8	929	|0	3550	5850	3840	
9	964	|0	3550	5850	3840	
10	969	|0	3550	5850	1920	
11	1173	|0	3550	5850	1920	
12	1222	|0	3550	5850	1920	
13	1266	|0	3550	3930	1920	
14	1354	|0	3550	3930	1920	
15	1355	|0	3550	3930	1920	
16	1414	|0	3550	3930	1920	
17	1436	|0	3550	3930	1920	

From Tokyo
i	time	|0	1	2	3	
----------------+--------------------------------
-1		|999999	999999	0	999999	
0	533	|999999	999999	0	999999	
1	558	|999999	999999	0	999999	
2	631	|999999	999999	0	999999	
3	653	|999999	999999	0	999999	
4	664	|999999	1330	0	999999	
5	724	|999999	1330	0	2010	
6	893	|999999	1330	0	2010	
7	894	|5850	1330	0	2010	
8	929	|5850	1330	0	2010	
9	964	|4880	1330	0	2010	
10	969	|4880	1330	0	2010	
11	1173	|4880	1330	0	2010	
12	1222	|4880	1330	0	2010	
13	1266	|4880	1330	0	2010	
14	1354	|4880	1330	0	2010	
15	1355	|4880	1330	0	2010	
16	1414	|4880	1330	0	2010	
17	1436	|4880	1330	0	2010	

0
